,Elapsed days,Update,"Download(×10,000)",Positive registration,"Downlowd incremental(×10,000)",Increment of positive registration
0,0,44001,85.0,,85.0,
1,1,44002,179.0,,94.0,
2,2,44003,241.0,,62.0,
3,3,44004,270.0,,29.0,
4,4,44005,326.0,,56.0,
5,5,44006,392.0,,66.0,
6,6,44007,434.0,,42.0,
7,7,44008,446.0,,12.0,
8,8,44009,456.0,,10.0,
9,9,44010,464.0,,8.0,
10,10,44011,472.0,,8.0,
11,11,44012,481.0,,9.0,
12,12,44013,489.0,,8.0,
13,13,44014,499.0,,10.0,
14,14,44015,531.0,,32.0,
15,15,44016,,,,
16,16,44017,,,,
17,17,44018,582.0,,51.0,
18,18,44019,595.0,4.0,13.0,4.0
19,19,44020,610.0,5.0,15.0,1.0
20,20,44021,632.0,6.0,22.0,1.0
21,21,44022,648.0,,16.0,
22,22,44023,,,,
23,23,44024,,,,
24,24,44025,680.0,,32.0,
25,25,44026,695.0,,15.0,
26,26,44027,706.0,,11.0,
27,27,44028,726.0,24.0,20.0,18.0
28,28,44029,741.0,30.0,15.0,6.0
29,29,44030,,,,
30,30,44031,,,,
31,31,44032,769.0,40.0,28.0,10.0
32,32,44033,781.0,45.0,12.0,5.0
33,33,44034,797.0,55.0,16.0,10.0
34,34,44035,,,,
35,35,44036,,,,
36,36,44037,,,,
37,37,44038,,,,
38,38,44039,870.0,77.0,73.0,22.0
39,39,44040,888.0,87.0,18.0,10.0
40,40,44041,912.0,101.0,24.0,14.0
41,41,44042,950.0,118.0,38.0,17.0
42,42,44043,996.0,138.0,46.0,20.0
43,43,44044,,,,
44,44,44045,,,,
45,45,44046,1099.0,160.0,103.0,22.0
46,46,44047,1127.0,182.0,28.0,22.0
47,47,44048,1157.0,213.0,30.0,31.0
48,48,44049,1181.0,232.0,24.0,19.0
49,49,44050,1205.0,257.0,24.0,25.0
50,50,44051,,,,
51,51,44052,,,,
52,52,44053,,,,
53,53,44054,1274.0,324.0,69.0,67.0
54,54,44055,1290.0,354.0,16.0,30.0
55,55,44056,1306.0,371.0,16.0,17.0
56,56,44057,1320.0,390.0,14.0,19.0
57,57,44058,,,,
58,58,44059,,,,
59,59,44060,1364.0,446.0,44.0,56.0
60,60,44061,1377.0,467.0,13.0,21.0
61,61,44062,1390.0,493.0,13.0,26.0
62,62,44063,1405.0,532.0,15.0,39.0
63,63,44064,1416.0,563.0,11.0,31.0
64,64,44065,,,,
65,65,44066,,,,
66,66,44067,1464.0,611.0,48.0,48.0
67,67,44068,1479.0,636.0,15.0,25.0
68,68,44069,1501.0,670.0,22.0,34.0
69,69,44070,1518.0,710.0,17.0,40.0
70,70,44071,1536.0,750.0,18.0,40.0
71,71,44072,,,,
72,72,44073,,,,
73,73,44074,1567.0,818.0,31.0,68.0
74,74,44075,1577.0,841.0,10.0,23.0
75,75,44076,1587.0,869.0,10.0,28.0
76,76,44077,1599.0,893.0,12.0,24.0
77,77,44078,1609.0,922.0,10.0,29.0
78,78,44079,,,,
79,79,44080,,,,
80,80,44081,1631.0,963.0,22.0,41.0
81,81,44082,1639.0,979.0,8.0,16.0
82,82,44083,1647.0,1002.0,8.0,23.0
83,83,44084,1655.0,1044.0,8.0,42.0
84,84,44085,1663.0,1083.0,8.0,39.0
85,85,44086,,,,
86,86,44087,,,,
87,87,44088,1685.0,1126.0,22.0,43.0
88,88,44089,1692.0,1151.0,7.0,25.0
89,89,44090,1698.0,1172.0,6.0,21.0
90,90,44091,1704.0,1192.0,6.0,20.0
91,91,44092,1712.0,1213.0,8.0,21.0
92,92,44093,,,,
93,93,44094,,,,
94,94,44095,,,,
95,95,44096,,,,
96,96,44097,1741.0,1264.0,29.0,51.0
97,97,44098,1746.0,1293.0,5.0,29.0
98,98,44099,1752.0,1312.0,6.0,19.0
99,99,44100,,,,
100,100,44101,,,,
101,101,44102,1767.0,1348.0,15.0,36.0
102,102,44103,1773.0,1362.0,6.0,14.0
103,103,44104,1778.0,1386.0,5.0,24.0
104,104,44105,1783.0,1403.0,5.0,17.0
105,105,44106,1789.0,1422.0,6.0,19.0
106,106,44107,,,,
107,107,44108,,,,
108,108,44109,1803.0,1460.0,14.0,38.0
109,109,44110,1807.0,1478.0,4.0,18.0
110,110,44111,1812.0,1504.0,5.0,26.0
111,111,44112,1816.0,1531.0,4.0,27.0
112,112,44113,1821.0,1565.0,5.0,34.0
113,113,44114,,,,
114,114,44115,,,,
115,115,44116,1833.0,1615.0,12.0,50.0
116,116,44117,1837.0,1643.0,4.0,28.0
117,117,44118,1841.0,1671.0,4.0,28.0
118,118,44119,1845.0,1697.0,4.0,26.0
119,119,44120,1849.0,1719.0,4.0,22.0
120,120,44121,,,,
121,121,44122,,,,
122,122,44123,1861.0,1755.0,12.0,36.0
123,123,44124,1865.0,1789.0,4.0,34.0
124,124,44125,1869.0,1816.0,4.0,27.0
125,125,44126,1873.0,1841.0,4.0,25.0
126,126,44127,1877.0,1862.0,4.0,21.0
127,127,44128,,,,
128,128,44129,,,,
129,129,44130,1890.0,1908.0,13.0,46.0
130,130,44131,1894.0,1927.0,4.0,19.0
131,131,44132,1897.0,1944.0,3.0,17.0
132,132,44133,1902.0,1969.0,5.0,25.0
133,133,44134,1906.0,2006.0,4.0,37.0
134,134,44135,,,,
135,135,44136,,,,
136,136,44137,1921.0,2054.0,15.0,48.0
137,137,44138,,,,
138,138,44139,1929.0,2096.0,8.0,42.0
139,139,44140,1932.0,2124.0,3.0,28.0
140,140,44141,1938.0,2168.0,6.0,44.0
141,141,44142,,,,
142,142,44143,,,,
143,143,44144,1952.0,2248.0,14.0,80.0
144,144,44145,1957.0,2290.0,5.0,42.0
145,145,44146,1962.0,2343.0,5.0,53.0
146,146,44147,1967.0,2387.0,5.0,44.0
147,147,44148,1975.0,2436.0,8.0,49.0
148,148,44149,,,,
149,149,44150,,,,
150,150,44151,1995.0,2554.0,20.0,118.0
151,151,44152,2001.0,2612.0,6.0,58.0
152,152,44153,2007.0,2646.0,6.0,34.0
153,153,44154,2015.0,2716.0,8.0,70.0
154,154,44155,2024.0,2777.0,9.0,61.0
155,155,44156,,,,
156,156,44157,,,,
157,157,44158,,,,
158,158,44159,2050.0,2982.0,26.0,205.0
159,159,44160,2055.0,3035.0,5.0,53.0
160,160,44161,2061.0,3106.0,6.0,71.0
161,161,44162,2066.0,3185.0,5.0,79.0
162,162,44163,,,,
163,163,44164,,,,
164,164,44165,2084.0,3349.0,18.0,164.0
165,165,44166,2090.0,3422.0,6.0,73.0
166,166,44167,2095.0,3468.0,5.0,46.0
167,167,44168,2101.0,3546.0,6.0,78.0
168,168,44169,,,,
169,169,44170,,,,
170,170,44171,,,,
171,171,44172,2126.0,3784.0,25.0,238.0
172,172,44173,2131.0,3861.0,5.0,77.0
173,173,44174,2137.0,3936.0,6.0,75.0
174,174,44175,2142.0,4017.0,5.0,81.0
175,175,44176,2148.0,4108.0,6.0,91.0
176,176,44177,,,,
177,177,44178,,,,
178,178,44179,2168.0,4314.0,20.0,206.0
179,179,44180,2173.0,4388.0,5.0,74.0
180,180,44181,2179.0,4485.0,6.0,97.0
181,181,44182,2185.0,4584.0,6.0,99.0
182,182,44183,2191.0,4673.0,6.0,89.0
183,183,44184,,,,
184,184,44185,,,,
185,185,44186,2208.0,4876.0,17.0,203.0
186,186,44187,2213.0,4967.0,5.0,91.0
187,187,44188,2218.0,5078.0,5.0,111.0
188,188,44189,2223.0,5195.0,5.0,117.0
189,189,44190,2228.0,5297.0,5.0,102.0
190,190,44191,,,,
191,191,44192,,,,
192,192,44193,2245.0,5566.0,17.0,269.0
193,193,44194,,,,
194,194,44195,,,,
195,195,44196,,,,
196,196,44197,,,,
197,197,44198,,,,
198,198,44199,,,,
199,199,44200,2279.0,6238.0,34.0,672.0
200,200,44201,2285.0,6385.0,6.0,147.0
201,201,44202,2293.0,6552.0,8.0,167.0
202,202,44203,2301.0,6732.0,8.0,180.0
203,203,44204,2310.0,6929.0,9.0,197.0
204,204,44205,,,,
205,205,44206,,,,
206,206,44207,,,,
207,207,44208,2344.0,7453.0,34.0,524.0
208,208,44209,2351.0,7659.0,7.0,206.0
209,209,44210,2358.0,7856.0,7.0,197.0
210,210,44211,2365.0,8040.0,7.0,184.0
211,211,44212,,,,
212,212,44213,,,,
213,213,44214,2382.0,8458.0,17.0,418.0
214,214,44215,2387.0,8594.0,5.0,136.0
215,215,44216,2392.0,8757.0,5.0,163.0
216,216,44217,2397.0,8874.0,5.0,117.0
217,217,44218,2408.0,9033.0,11.0,159.0
218,218,44219,,,,
219,219,44220,,,,
220,220,44221,2425.0,9331.0,17.0,298.0
221,221,44222,2430.0,9430.0,5.0,99.0
222,222,44223,2435.0,9535.0,5.0,105.0
223,223,44224,2439.0,9653.0,4.0,118.0
224,224,44225,2444.0,9736.0,5.0,83.0
225,225,44226,,,,
226,226,44227,,,,
227,227,44228,2456.0,9934.0,12.0,198.0
228,228,44229,2460.0,10015.0,4.0,81.0
229,229,44230,2464.0,10092.0,4.0,77.0
230,230,44231,2484.0,10177.0,20.0,85.0
231,231,44232,2491.0,10239.0,7.0,62.0
232,232,44233,,,,
233,233,44234,,,,
234,234,44235,2504.0,10361.0,13.0,122.0
235,235,44236,2507.0,10404.0,3.0,43.0
236,236,44237,2511.0,10467.0,4.0,63.0
237,237,44238,,,,
238,238,44239,2518.0,10536.0,7.0,69.0
239,239,44240,,,,
240,240,44241,,,,
241,241,44242,2527.0,10633.0,9.0,97.0
242,242,44243,2530.0,10674.0,3.0,41.0
243,243,44244,2533.0,10714.0,3.0,40.0
244,244,44245,2538.0,10753.0,5.0,39.0
245,245,44246,2547.0,10773.0,9.0,20.0
246,246,44247,,,,
247,247,44248,,,,
248,248,44249,2559.0,10867.0,12.0,94.0
249,249,44250,,,,
250,250,44251,2565.0,10917.0,6.0,50.0
251,251,44252,2567.0,10945.0,2.0,28.0
252,252,44253,2570.0,10985.0,3.0,40.0
253,253,44254,,,,
254,254,44255,,,,
255,255,44256,2577.0,11058.0,7.0,73.0
256,256,44257,2579.0,11085.0,2.0,27.0
257,257,44258,2581.0,11114.0,2.0,29.0
258,258,44259,2584.0,11146.0,3.0,32.0
259,259,44260,2586.0,11174.0,2.0,28.0
260,260,44261,,,,
261,261,44262,,,,
262,262,44263,2594.0,11239.0,8.0,65.0
263,263,44264,2596.0,11267.0,2.0,28.0
264,264,44265,2599.0,11300.0,3.0,33.0
265,265,44266,2602.0,11332.0,3.0,32.0
266,266,44267,2604.0,11361.0,2.0,29.0
267,267,44268,,,,
268,268,44269,,,,
269,269,44270,2611.0,11418.0,7.0,57.0
270,270,44271,2613.0,11454.0,2.0,36.0
271,271,44272,2616.0,11488.0,3.0,34.0
272,272,44273,2618.0,11513.0,2.0,25.0
273,273,44274,2620.0,11558.0,2.0,45.0
274,274,44275,,,,
275,275,44276,,,,
276,276,44277,2629.0,11631.0,9.0,73.0
277,277,44278,2631.0,11676.0,2.0,45.0
278,278,44279,2634.0,11730.0,3.0,54.0
279,279,44280,2637.0,11774.0,3.0,44.0
280,280,44281,2639.0,11828.0,2.0,54.0
281,281,44282,,,,
282,282,44283,,,,
283,283,44284,2648.0,11956.0,9.0,128.0
284,284,44285,2651.0,12010.0,3.0,54.0
285,285,44286,2653.0,12068.0,2.0,58.0
286,286,44287,,,,
287,287,44288,2659.0,12195.0,6.0,127.0
288,288,44289,,,,
289,289,44290,,,,
290,290,44291,,,,
291,291,44292,,,,
292,292,44293,,,,
293,293,44294,,,,
294,294,44295,2680.0,12589.0,21.0,394.0
295,295,44296,,,,
296,296,44297,,,,
297,297,44298,,,,
298,298,44299,,,,
299,299,44300,,,,
300,300,44301,,,,
301,301,44302,2699.0,13087.0,19.0,498.0
302,302,44303,,,,
303,303,44304,,,,
304,304,44305,,,,
305,305,44306,,,,
306,306,44307,,,,
307,307,44308,,,,
308,308,44309,2717.0,13663.0,18.0,576.0
309,309,44310,,,,
310,310,44311,,,,
311,311,44312,,,,
312,312,44313,,,,
313,313,44314,,,,
314,314,44315,,,,
315,315,44316,2734.0,14324.0,17.0,661.0
316,316,44317,,,,
317,317,44318,,,,
318,318,44319,,,,
319,319,44320,,,,
320,320,44321,,,,
321,321,44322,,,,
322,322,44323,2753.0,14935.0,19.0,611.0
323,323,44324,,,,
324,324,44325,,,,
325,325,44326,,,,
326,326,44327,,,,
327,327,44328,,,,
328,328,44329,,,,
329,329,44330,2769.0,15794.0,16.0,859.0
330,330,44331,,,,
331,331,44332,,,,
332,332,44333,,,,
333,333,44334,,,,
334,334,44335,,,,
335,335,44336,,,,
336,336,44337,2783.0,16532.0,14.0,738.0
337,337,44338,,,,
338,338,44339,,,,
339,339,44340,,,,
340,340,44341,,,,
341,341,44342,,,,
342,342,44343,,,,
343,343,44344,2796.0,17126.0,13.0,594.0
344,344,44345,,,,
345,345,44346,,,,
346,346,44347,,,,
347,347,44348,,,,
348,348,44349,,,,
349,349,44350,,,,
350,350,44351,2809.0,17554.0,13.0,428.0
351,351,44352,,,,
352,352,44353,,,,
353,353,44354,,,,
354,354,44355,,,,
355,355,44356,,,,
356,356,44357,,,,
357,357,44358,2821.0,17860.0,12.0,306.0
358,358,44359,,,,
359,359,44360,,,,
360,360,44361,,,,
361,361,44362,,,,
362,362,44363,,,,
363,363,44364,,,,
364,364,44365,2834.0,18105.0,13.0,245.0
365,365,44366,,,,
366,366,44367,,,,
367,367,44368,,,,
368,368,44369,,,,
369,369,44370,,,,
370,370,44371,,,,
371,371,44372,2840.0,18340.0,6.0,235.0
372,372,44373,,,,
373,373,44374,,,,
374,374,44375,,,,
375,375,44376,,,,
376,376,44377,,,,
377,377,44378,,,,
378,378,44379,2860.0,18680.0,20.0,340.0
379,379,44380,,,,
380,380,44381,,,,
381,381,44382,,,,
382,382,44383,,,,
383,383,44384,,,,
384,384,44385,,,,
385,385,44386,2874.0,19076.0,14.0,396.0
386,386,44387,,,,
387,387,44388,,,,
388,388,44389,,,,
389,389,44390,,,,
390,390,44391,,,,
391,391,44392,,,,
392,392,44393,2890.0,19642.0,16.0,566.0
393,393,44394,,,,
394,394,44395,,,,
395,395,44396,,,,
396,396,44397,,,,
397,397,44398,,,,
398,398,44399,,,,
399,399,44400,,,,
400,400,44401,,,,
401,401,44402,,,,
402,402,44403,,,,
403,403,44404,,,,
404,404,44405,,,,
405,405,44406,,,,
406,406,44407,2916.0,21931.0,26.0,2289.0
407,407,44408,,,,
408,408,44409,,,,
409,409,44410,,,,
410,410,44411,,,,
411,411,44412,,,,
412,412,44413,,,,
413,413,44414,2932.0,23880.0,16.0,1949.0
414,414,44415,,,,
415,415,44416,,,,
416,416,44417,,,,
417,417,44418,,,,
418,418,44419,,,,
419,419,44420,,,,
420,420,44421,2947.0,26734.0,15.0,2854.0
421,421,44422,,,,
422,422,44423,,,,
423,423,44424,,,,
424,424,44425,,,,
425,425,44426,,,,
426,426,44427,,,,
427,427,44428,2964.0,29996.0,17.0,3262.0
428,428,44429,,,,
429,429,44430,,,,
430,430,44431,,,,
431,431,44432,,,,
432,432,44433,,,,
433,433,44434,,,,
434,434,44435,2979.0,33430.0,15.0,3434.0
435,435,44436,,,,
436,436,44437,,,,
437,437,44438,,,,
438,438,44439,,,,
439,439,44440,,,,
440,440,44441,,,,
441,441,44442,2993.0,36341.0,14.0,2911.0
442,442,44443,,,,
443,443,44444,,,,
444,444,44445,,,,
445,445,44446,,,,
446,446,44447,,,,
447,447,44448,,,,
448,448,44449,3005.0,38159.0,12.0,1818.0
449,449,44450,,,,
450,450,44451,,,,
451,451,44452,,,,
452,452,44453,,,,
453,453,44454,,,,
454,454,44455,,,,
455,455,44456,3016.0,39055.0,11.0,896.0
456,456,44457,,,,
457,457,44458,,,,
458,458,44459,,,,
459,459,44460,,,,
460,460,44461,,,,
461,461,44462,,,,
462,462,44463,3028.0,39445.0,12.0,390.0
463,463,44464,,,,
464,464,44465,,,,
465,465,44466,,,,
466,466,44467,,,,
467,467,44468,,,,
468,468,44469,,,,
469,469,44470,3039.0,39679.0,11.0,234.0
470,470,44471,,,,
471,471,44472,,,,
472,472,44473,,,,
473,473,44474,,,,
474,474,44475,,,,
475,475,44476,,,,
476,476,44477,3051.0,39803.0,12.0,124.0
477,477,44478,,,,
478,478,44479,,,,
479,479,44480,,,,
480,480,44481,,,,
481,481,44482,,,,
482,482,44483,,,,
483,483,44484,3063.0,39870.0,12.0,67.0
484,484,44485,,,,
485,485,44486,,,,
486,486,44487,,,,
487,487,44488,,,,
488,488,44489,,,,
489,489,44490,,,,
490,490,44491,3073.0,39915.0,10.0,45.0
491,491,44492,,,,
492,492,44493,,,,
493,493,44494,,,,
494,494,44495,,,,
495,495,44496,,,,
496,496,44497,,,,
497,497,44498,3084.0,39938.0,11.0,23.0
498,498,44499,,,,
499,499,44500,,,,
500,500,44501,,,,
501,501,44502,,,,
502,502,44503,,,,
503,503,44504,,,,
504,504,44505,3095.0,39968.0,11.0,30.0
505,505,44506,,,,
506,506,44507,,,,
507,507,44508,,,,
508,508,44509,,,,
509,509,44510,,,,
510,510,44511,,,,
511,511,44512,3104.0,39997.0,9.0,29.0
512,512,44513,,,,
513,513,44514,,,,
514,514,44515,,,,
515,515,44516,,,,
516,516,44517,,,,
517,517,44518,,,,
518,518,44519,3115.0,40022.0,11.0,25.0
519,519,44520,,,,
520,520,44521,,,,
521,521,44522,,,,
522,522,44523,,,,
523,523,44524,,,,
524,524,44525,,,,
525,525,44526,3128.0,40035.0,13.0,13.0
526,526,44527,,,,
527,527,44528,,,,
528,528,44529,,,,
529,529,44530,,,,
530,530,44531,,,,
531,531,44532,,,,
532,532,44533,3141.0,40099.0,13.0,64.0
533,533,44534,,,,
534,534,44535,,,,
535,535,44536,,,,
536,536,44537,,,,
537,537,44538,,,,
538,538,44539,,,,
539,539,44540,3151.0,40248.0,10.0,149.0
540,540,44541,,,,
541,541,44542,,,,
542,542,44543,,,,
543,543,44544,,,,
544,544,44545,,,,
545,545,44546,,,,
546,546,44547,3163.0,40365.0,12.0,117.0
547,547,44548,,,,
548,548,44549,,,,
549,549,44550,,,,
550,550,44551,,,,
551,551,44552,,,,
552,552,44553,,,,
553,553,44554,3182.0,40515.0,19.0,150.0
554,554,44555,,,,
555,555,44556,,,,
556,556,44557,,,,
557,557,44558,,,,
558,558,44559,,,,
559,559,44560,,,,
560,560,44561,,,,
561,561,44562,,,,
562,562,44563,,,,
563,563,44564,,,,
564,564,44565,,,,
565,565,44566,,,,
566,566,44567,,,,
567,567,44568,3205.0,43109.0,23.0,2594.0
568,568,44569,,,,
569,569,44570,,,,
570,570,44571,,,,
571,571,44572,,,,
572,572,44573,,,,
573,573,44574,,,,
574,574,44575,3226.0,54321.0,21.0,11212.0
575,575,44576,,,,
576,576,44577,,,,
577,577,44578,,,,
578,578,44579,,,,
579,579,44580,,,,
580,580,44581,,,,
581,581,44582,3255.0,92029.0,29.0,37708.0
582,582,44583,,,,
583,583,44584,,,,
584,584,44585,,,,
585,585,44586,,,,
586,586,44587,,,,
587,587,44588,,,,
588,588,44589,3289.0,160677.0,34.0,68648.0
589,589,44590,,,,
590,590,44591,,,,
591,591,44592,,,,
592,592,44593,,,,
593,593,44594,,,,
594,594,44595,,,,
595,595,44596,3316.0,251561.0,27.0,90884.0
596,596,44597,,,,
597,597,44598,,,,
598,598,44599,,,,
599,599,44600,,,,
600,600,44601,,,,
601,601,44602,,,,
602,602,44603,,,,
603,603,44604,,,,
604,604,44605,,,,
605,605,44606,,,,
606,606,44607,,,,
607,607,44608,,,,
608,608,44609,,,,
609,609,44610,3364.0,428135.0,48.0,176574.0
610,610,44611,,,,
611,611,44612,,,,
612,612,44613,,,,
613,613,44614,,,,
614,614,44615,,,,
615,615,44616,,,,
616,616,44617,3382.0,498489.0,18.0,70354.0
617,617,44618,,,,
618,618,44619,,,,
619,619,44620,,,,
620,620,44621,,,,
621,621,44622,,,,
622,622,44623,,,,
623,623,44624,3400.0,564398.0,18.0,65909.0
624,624,44625,,,,
625,625,44626,,,,
626,626,44627,,,,
627,627,44628,,,,
628,628,44629,,,,
629,629,44630,,,,
630,630,44631,3418.0,620245.0,18.0,55847.0
631,631,44632,,,,
632,632,44633,,,,
633,633,44634,,,,
634,634,44635,,,,
635,635,44636,,,,
636,636,44637,,,,
637,637,44638,3433.0,671419.0,15.0,51174.0
638,638,44639,,,,
639,639,44640,,,,
640,640,44641,,,,
641,641,44642,,,,
642,642,44643,,,,
643,643,44644,,,,
644,644,44645,3451.0,713805.0,18.0,42386.0
